frame   ulx     uly     urx     ury     lrx     lry     llx     lly     
frame00001.jpg 326.00  316.00  438.00  316.00  445.00  467.00  333.00  467.00  
frame00002.jpg 326.00  316.00  438.00  316.00  445.00  467.00  333.00  467.00  
frame00003.jpg 326.00  316.00  438.00  316.00  445.00  467.00  333.00  467.00  
frame00004.jpg 326.00  316.00  438.00  316.00  445.00  467.00  333.00  467.00  
frame00005.jpg 326.00  316.00  438.00  316.00  445.00  467.00  333.00  467.00  
frame00006.jpg 326.86  315.62  437.50  316.78  444.44  466.68  333.25  468.01  
frame00007.jpg 324.20  314.60  439.00  318.15  446.38  467.15  330.38  467.02  
frame00008.jpg 327.46  320.20  437.72  314.05  444.59  467.30  333.53  467.11  
frame00009.jpg 328.15  316.89  439.61  318.21  446.65  468.04  332.07  465.21  
frame00010.jpg 328.19  316.78  436.06  317.11  444.02  467.33  334.87  467.50  
frame00011.jpg 326.71  317.37  439.76  313.91  446.01  469.69  333.37  463.95  
frame00012.jpg 323.45  316.09  436.27  320.70  445.20  465.11  331.12  468.86  
frame00013.jpg 326.80  314.72  440.05  316.00  443.06  465.75  334.20  464.86  
frame00014.jpg 323.55  316.64  437.57  314.17  446.27  467.77  332.43  466.91  
frame00015.jpg 326.64  315.66  437.20  316.69  444.68  467.09  333.27  468.62  
frame00016.jpg 327.22  320.11  439.57  313.63  444.39  466.64  331.93  465.92  
frame00017.jpg 323.79  316.01  437.18  313.48  446.41  466.92  333.73  466.83  
frame00018.jpg 326.00  314.59  435.67  318.27  444.12  465.66  333.47  469.43  
frame00019.jpg 326.13  315.35  437.20  317.28  444.82  467.04  332.98  467.25  
frame00020.jpg 326.13  315.35  437.20  317.28  444.82  467.04  332.98  467.25  
frame00021.jpg 325.45  314.75  436.83  315.86  444.70  466.61  333.16  468.47  
frame00022.jpg 325.45  314.75  436.83  315.86  444.70  466.61  333.16  468.47  
frame00023.jpg 325.67  316.07  437.99  316.23  444.49  467.08  332.57  467.47  
frame00024.jpg 325.67  316.07  437.99  316.23  444.49  467.08  332.57  467.47  
frame00025.jpg 325.67  316.07  437.99  316.23  444.49  467.08  332.57  467.47  
frame00026.jpg 325.67  316.07  437.99  316.23  444.49  467.08  332.57  467.47  
frame00027.jpg 325.67  316.07  437.99  316.23  444.49  467.08  332.57  467.47  
frame00028.jpg 326.19  316.74  434.52  317.72  446.05  468.84  333.40  468.39  
frame00029.jpg 327.44  315.43  438.68  317.60  445.42  467.04  332.63  467.70  
frame00030.jpg 327.58  316.97  438.77  315.25  446.05  468.06  332.16  468.40  
frame00031.jpg 323.56  316.26  437.71  318.01  446.07  466.86  330.09  467.92  
frame00032.jpg 326.18  314.46  439.15  315.75  444.60  466.98  333.49  467.45  
frame00033.jpg 325.93  315.54  438.23  315.48  444.76  466.94  332.57  467.36  
frame00034.jpg 326.34  314.83  436.78  316.43  443.99  466.49  333.10  468.10  
frame00035.jpg 324.61  316.04  439.39  314.68  447.37  466.71  333.80  467.55  
frame00036.jpg 325.95  315.98  438.51  313.65  445.08  466.41  332.42  468.06  
frame00037.jpg 322.99  314.01  436.55  314.80  446.69  467.74  332.95  467.77  
frame00038.jpg 324.18  315.54  436.77  316.72  445.69  467.40  333.73  467.28  
frame00039.jpg 326.41  313.75  437.15  318.68  444.86  467.05  330.77  467.68  
frame00040.jpg 324.77  316.13  438.03  315.18  447.67  468.20  335.16  467.12  
frame00041.jpg 325.41  317.21  435.92  316.72  445.10  465.92  332.05  469.10  
frame00042.jpg 326.35  318.50  439.12  311.22  446.61  469.25  333.03  466.28  
frame00043.jpg 325.89  315.87  439.20  315.24  447.24  467.36  334.52  467.96  
frame00044.jpg 327.11  320.22  436.92  315.31  447.26  468.44  331.76  468.08  
frame00045.jpg 325.58  315.85  438.68  315.79  444.74  465.96  331.86  467.67  
frame00046.jpg 327.03  316.10  438.04  316.98  443.91  466.51  332.14  468.04  
frame00047.jpg 327.03  316.10  438.04  316.98  443.91  466.51  332.14  468.04  
frame00048.jpg 327.03  316.10  438.04  316.98  443.91  466.51  332.14  468.04  
frame00049.jpg 327.03  316.10  438.04  316.98  443.91  466.51  332.14  468.04  
frame00050.jpg 327.03  316.10  438.04  316.98  443.91  466.51  332.14  468.04  
frame00051.jpg 327.03  316.10  438.04  316.98  443.91  466.51  332.14  468.04  
frame00052.jpg 327.03  316.10  438.04  316.98  443.91  466.51  332.14  468.04  
frame00053.jpg 327.03  316.10  438.04  316.98  443.91  466.51  332.14  468.04  
frame00054.jpg 327.03  316.10  438.04  316.98  443.91  466.51  332.14  468.04  
frame00055.jpg 327.03  316.10  438.04  316.98  443.91  466.51  332.14  468.04  
frame00056.jpg 327.03  316.10  438.04  316.98  443.91  466.51  332.14  468.04  
frame00057.jpg 327.03  316.10  438.04  316.98  443.91  466.51  332.14  468.04  
frame00058.jpg 327.03  316.10  438.04  316.98  443.91  466.51  332.14  468.04  
frame00059.jpg 327.03  316.10  438.04  316.98  443.91  466.51  332.14  468.04  
frame00060.jpg 327.03  316.10  438.04  316.98  443.91  466.51  332.14  468.04  
frame00061.jpg 327.03  316.10  438.04  316.98  443.91  466.51  332.14  468.04  
frame00062.jpg 327.03  316.10  438.04  316.98  443.91  466.51  332.14  468.04  
frame00063.jpg 327.03  316.10  438.04  316.98  443.91  466.51  332.14  468.04  
frame00064.jpg 327.03  316.10  438.04  316.98  443.91  466.51  332.14  468.04  
frame00065.jpg 327.03  316.10  438.04  316.98  443.91  466.51  332.14  468.04  
frame00066.jpg 327.03  316.10  438.04  316.98  443.91  466.51  332.14  468.04  
frame00067.jpg 327.03  316.10  438.04  316.98  443.91  466.51  332.14  468.04  
frame00068.jpg 327.03  316.10  438.04  316.98  443.91  466.51  332.14  468.04  
frame00069.jpg 327.03  316.10  438.04  316.98  443.91  466.51  332.14  468.04  
frame00070.jpg 327.03  316.10  438.04  316.98  443.91  466.51  332.14  468.04  
frame00071.jpg 327.03  316.10  438.04  316.98  443.91  466.51  332.14  468.04  
frame00072.jpg 327.03  316.10  438.04  316.98  443.91  466.51  332.14  468.04  
frame00073.jpg 327.03  316.10  438.04  316.98  443.91  466.51  332.14  468.04  
frame00074.jpg 327.03  316.10  438.04  316.98  443.91  466.51  332.14  468.04  
frame00075.jpg 327.03  316.10  438.04  316.98  443.91  466.51  332.14  468.04  
frame00076.jpg 327.03  316.10  438.04  316.98  443.91  466.51  332.14  468.04  
frame00077.jpg 327.03  316.10  438.04  316.98  443.91  466.51  332.14  468.04  
frame00078.jpg 327.03  316.10  438.04  316.98  443.91  466.51  332.14  468.04  
frame00079.jpg 327.03  316.10  438.04  316.98  443.91  466.51  332.14  468.04  
frame00080.jpg 327.03  316.10  438.04  316.98  443.91  466.51  332.14  468.04  
frame00081.jpg 327.03  316.10  438.04  316.98  443.91  466.51  332.14  468.04  
frame00082.jpg 327.03  316.10  438.04  316.98  443.91  466.51  332.14  468.04  
frame00083.jpg 327.03  316.10  438.04  316.98  443.91  466.51  332.14  468.04  
frame00084.jpg 327.43  315.35  440.12  314.81  444.24  466.97  332.46  468.25  
frame00085.jpg 324.47  314.51  438.33  316.08  442.54  466.38  331.12  468.62  
frame00086.jpg 324.32  314.84  438.92  313.83  442.79  464.16  331.65  467.33  
frame00087.jpg 325.35  314.83  437.98  316.36  444.29  465.46  334.20  467.67  
frame00088.jpg 326.33  314.77  437.20  320.33  443.03  465.60  332.60  468.04  
frame00089.jpg 326.70  317.08  438.32  314.08  446.58  470.56  333.65  465.35  
frame00090.jpg 326.91  319.21  438.14  316.79  444.38  467.08  331.50  467.21  
frame00091.jpg 328.29  316.65  437.69  316.55  447.03  468.98  334.46  467.84  
frame00092.jpg 329.28  317.06  436.68  318.89  444.31  466.19  331.85  469.83  
frame00093.jpg 326.45  315.28  438.31  316.16  444.12  464.99  332.89  468.43  
frame00094.jpg 325.43  314.77  438.73  314.93  444.57  466.27  333.30  467.58  
frame00095.jpg 326.96  317.40  438.76  316.89  444.99  466.59  331.06  468.58  
frame00096.jpg 326.42  316.43  438.91  315.71  444.43  466.33  332.36  467.86  
frame00097.jpg 326.42  316.43  438.91  315.71  444.43  466.33  332.36  467.86  
frame00098.jpg 326.42  316.43  438.91  315.71  444.43  466.33  332.36  467.86  
frame00099.jpg 326.42  316.43  438.91  315.71  444.43  466.33  332.36  467.86  
frame00100.jpg 326.42  316.43  438.91  315.71  444.43  466.33  332.36  467.86  
frame00101.jpg 326.42  316.43  438.91  315.71  444.43  466.33  332.36  467.86  
frame00102.jpg 326.42  316.43  438.91  315.71  444.43  466.33  332.36  467.86  
frame00103.jpg 324.44  316.00  438.34  315.21  446.64  469.02  333.02  466.35  
frame00104.jpg 326.16  318.38  438.10  316.39  444.92  466.20  331.48  468.14  
frame00105.jpg 327.30  315.77  438.39  317.52  440.92  465.83  333.20  466.51  
frame00106.jpg 326.86  314.10  437.85  316.86  444.46  466.91  334.83  467.99  
frame00107.jpg 325.62  314.99  438.84  319.31  444.90  465.59  330.55  468.07  
frame00108.jpg 325.89  314.14  438.27  318.23  444.99  466.86  332.75  467.60  
frame00109.jpg 324.88  313.27  437.99  315.67  443.70  465.72  334.17  467.11  
frame00110.jpg 325.59  314.74  438.61  317.94  446.50  467.22  332.78  467.53  
frame00111.jpg 326.03  316.13  438.57  317.84  445.47  466.74  331.76  467.68  
frame00112.jpg 324.65  317.31  436.57  319.70  446.27  466.32  330.69  468.03  
frame00113.jpg 325.40  316.64  439.35  315.32  443.01  465.64  333.31  466.97  
frame00114.jpg 327.00  316.16  438.06  316.76  444.48  466.32  333.74  467.83  
frame00115.jpg 326.50  315.93  438.14  317.05  445.01  466.36  331.83  468.12  
frame00116.jpg 329.22  317.52  437.32  318.96  444.46  466.20  331.22  470.09  
frame00117.jpg 326.14  317.79  437.30  317.45  446.18  468.99  331.90  463.91  
frame00118.jpg 323.74  314.56  438.90  313.77  442.89  464.66  332.90  467.41  
frame00119.jpg 324.90  316.78  436.44  319.38  447.30  467.10  330.75  469.44  
frame00120.jpg 322.52  313.25  438.39  316.00  444.46  465.85  331.93  467.65  
frame00121.jpg 328.28  316.31  438.36  317.66  445.34  467.95  333.99  467.91  
frame00122.jpg 325.50  314.56  438.57  316.89  443.70  466.70  332.37  467.11  
frame00123.jpg 326.49  316.14  438.90  316.86  443.90  466.40  332.53  467.56  
frame00124.jpg 326.49  316.14  438.90  316.86  443.90  466.40  332.53  467.56  
frame00125.jpg 326.49  316.14  438.90  316.86  443.90  466.40  332.53  467.56  
frame00126.jpg 323.33  314.35  437.91  316.63  445.85  466.04  331.32  467.04  
frame00127.jpg 327.76  319.80  437.48  318.61  445.43  466.50  332.92  467.28  
frame00128.jpg 325.63  312.38  437.72  317.27  444.88  468.04  334.61  467.42  
frame00129.jpg 324.28  313.43  438.35  317.77  444.87  465.26  330.97  468.36  
frame00130.jpg 325.58  313.08  438.67  316.67  444.26  467.23  332.44  468.64  
frame00131.jpg 327.36  315.99  439.66  316.17  445.80  468.15  331.75  467.44  
frame00132.jpg 327.36  315.99  439.66  316.17  445.80  468.15  331.75  467.44  
frame00133.jpg 325.67  314.92  437.66  314.74  444.95  466.94  332.75  468.58  
frame00134.jpg 327.08  317.17  437.10  316.94  445.30  468.38  334.72  466.73  
frame00135.jpg 325.53  316.20  436.71  317.45  446.06  467.23  330.16  468.33  
frame00136.jpg 327.99  314.40  438.19  317.41  443.10  466.52  334.11  466.37  
frame00137.jpg 326.13  314.64  438.49  316.01  444.59  467.55  332.78  467.56  
frame00138.jpg 326.13  314.64  438.49  316.01  444.59  467.55  332.78  467.56  
frame00139.jpg 326.13  314.64  438.49  316.01  444.59  467.55  332.78  467.56  
frame00140.jpg 329.30  316.88  436.94  319.70  445.87  467.27  331.13  468.53  
frame00141.jpg 325.09  315.70  437.91  318.52  445.03  466.03  332.52  467.31  
frame00142.jpg 327.32  315.18  438.91  315.09  444.66  467.08  334.37  467.51  
frame00143.jpg 327.86  314.66  438.09  320.72  444.07  466.65  331.55  466.80  
frame00144.jpg 324.86  312.89  437.24  318.79  444.05  465.40  331.64  468.24  
frame00145.jpg 327.81  314.33  437.21  318.89  443.24  465.66  332.36  469.26  
frame00146.jpg 325.46  316.80  437.84  314.34  447.01  467.36  335.32  465.48  
frame00147.jpg 325.16  316.70  438.40  317.04  447.79  466.79  331.82  466.80  
frame00148.jpg 326.75  314.37  437.79  319.29  441.47  465.74  332.02  466.52  
frame00149.jpg 325.81  316.56  438.02  316.98  448.12  469.87  333.71  466.97  
frame00150.jpg 328.40  320.07  438.85  312.88  445.80  468.32  333.53  465.14  
frame00151.jpg 325.29  317.08  437.69  317.04  445.72  466.55  331.02  466.65  
frame00152.jpg 328.89  315.82  436.63  317.58  443.87  467.72  333.26  467.12  
frame00153.jpg 325.20  314.60  439.21  317.01  445.47  464.32  332.18  467.86  
frame00154.jpg 326.49  315.84  436.06  318.15  444.72  465.95  331.04  466.74  
frame00155.jpg 325.27  314.36  438.22  317.70  445.59  467.17  333.81  466.51  
frame00156.jpg 325.71  315.77  438.19  317.60  444.58  466.69  332.81  466.65  
frame00157.jpg 326.93  315.20  439.22  317.85  443.80  466.55  332.27  465.92  
frame00158.jpg 322.83  312.30  437.74  315.39  443.71  466.32  336.77  465.49  
frame00159.jpg 324.41  315.72  437.81  316.58  445.51  467.42  332.66  466.96  
frame00160.jpg 325.61  315.04  437.19  317.09  444.36  467.78  333.08  467.15  
frame00161.jpg 325.61  315.04  437.19  317.09  444.36  467.78  333.08  467.15  
frame00162.jpg 325.61  315.04  437.19  317.09  444.36  467.78  333.08  467.15  
frame00163.jpg 325.61  315.04  437.19  317.09  444.36  467.78  333.08  467.15  
frame00164.jpg 326.40  316.15  435.87  320.81  446.72  467.55  332.61  466.93  
frame00165.jpg 327.89  318.47  436.96  317.86  446.40  467.88  333.95  467.18  
frame00166.jpg 326.79  316.25  438.30  317.11  444.89  467.76  332.54  466.06  
frame00167.jpg 326.80  314.99  434.51  318.01  445.27  469.26  333.17  467.41  
frame00168.jpg 327.43  314.45  437.78  317.26  444.70  467.24  333.10  466.05  
frame00169.jpg 326.46  314.95  436.91  319.01  442.80  467.26  332.54  465.57  
frame00170.jpg 327.85  313.78  438.11  318.37  443.33  466.13  331.59  467.36  
frame00171.jpg 324.81  314.87  438.34  319.83  444.46  464.01  332.28  465.41  
frame00172.jpg 330.23  315.28  439.24  313.36  445.72  470.09  334.65  463.77  
frame00173.jpg 326.37  315.58  437.57  315.46  446.79  469.11  333.30  464.63  
frame00174.jpg 333.50  316.43  441.06  316.73  443.01  465.55  334.61  464.12  
frame00175.jpg 330.00  311.46  442.54  318.20  443.61  467.50  331.66  464.23  
frame00176.jpg 332.00  310.82  443.56  314.81  443.65  469.25  335.70  461.25  
frame00177.jpg 331.28  309.41  442.74  316.77  443.54  466.93  332.81  463.62  
frame00178.jpg 332.98  309.91  442.98  316.76  444.65  467.90  334.79  462.20  
frame00179.jpg 333.49  310.08  443.03  315.65  448.25  471.42  334.54  462.74  
frame00180.jpg 335.29  306.75  446.80  315.92  444.27  467.21  335.21  460.61  
frame00181.jpg 338.92  307.25  445.88  318.79  444.60  466.92  335.29  460.72  
frame00182.jpg 338.36  308.86  448.53  313.24  447.22  470.98  335.33  457.06  
frame00183.jpg 340.24  304.23  449.44  316.74  441.85  467.83  335.40  456.46  
frame00184.jpg 341.58  303.63  451.17  315.16  442.75  466.76  334.89  456.64  
frame00185.jpg 343.73  306.84  450.16  318.10  442.75  467.10  334.62  456.19  
frame00186.jpg 342.45  303.05  451.20  317.35  442.30  467.23  332.56  455.20  
frame00187.jpg 343.74  300.64  452.76  314.91  441.09  468.19  333.16  454.99  
frame00188.jpg 344.24  304.27  451.33  311.86  440.73  468.13  336.81  453.11  
frame00189.jpg 344.67  300.23  450.39  316.12  441.95  468.30  331.76  454.86  
frame00190.jpg 344.57  302.01  450.60  313.25  441.93  468.88  331.95  453.28  
frame00191.jpg 342.75  299.23  449.73  313.31  440.83  466.49  331.39  450.41  
frame00192.jpg 341.04  298.65  448.52  309.98  441.06  463.38  332.55  449.52  
frame00193.jpg 340.91  293.89  446.56  307.17  441.16  461.91  333.23  449.12  
frame00194.jpg 341.86  294.59  446.67  302.78  439.99  455.37  333.60  445.55  
frame00195.jpg 339.15  291.00  445.02  301.11  444.55  456.57  334.72  444.96  
frame00196.jpg 339.28  288.24  446.09  294.12  443.56  452.33  335.20  440.71  
frame00197.jpg 338.50  286.92  445.21  291.04  443.39  446.63  331.74  438.66  
frame00198.jpg 337.95  283.44  443.96  287.91  444.41  442.92  332.86  434.52  
frame00199.jpg 337.56  277.36  444.24  284.73  447.34  443.14  333.49  430.07  
frame00200.jpg 339.98  275.31  445.96  279.43  444.60  437.62  335.39  426.69  
frame00201.jpg 335.56  269.17  447.36  270.28  444.85  430.40  336.32  423.56  
frame00202.jpg 337.95  266.42  447.93  268.98  447.99  428.06  335.13  420.64  
frame00203.jpg 339.12  262.28  449.03  265.13  446.02  425.21  336.76  417.35  
frame00204.jpg 344.17  262.20  447.86  266.45  447.57  419.08  338.37  416.05  
frame00205.jpg 341.85  258.50  448.77  259.09  450.24  418.76  341.68  409.77  
frame00206.jpg 341.57  253.83  452.10  256.03  450.37  412.16  338.83  408.86  
frame00207.jpg 345.50  254.61  449.88  254.39  452.40  412.03  343.55  407.97  
frame00208.jpg 348.37  249.51  453.65  254.09  453.00  410.20  340.66  404.80  
frame00209.jpg 347.16  246.00  453.80  253.94  457.65  406.60  340.99  405.82  
frame00210.jpg 351.42  244.11  459.84  244.62  457.32  407.52  349.23  398.78  
frame00211.jpg 353.62  244.89  459.87  247.09  459.72  402.34  347.27  397.92  
frame00212.jpg 355.54  241.16  463.07  245.78  464.39  401.21  348.77  399.40  
frame00213.jpg 357.85  236.50  466.54  242.37  464.04  398.88  352.93  393.14  
frame00214.jpg 362.55  235.09  468.52  244.15  466.49  396.02  353.42  392.00  
frame00215.jpg 360.98  232.92  469.32  240.61  470.21  391.51  356.44  391.60  
frame00216.jpg 366.44  230.94  475.24  231.88  472.12  389.98  361.53  387.86  
frame00217.jpg 368.18  230.66  474.96  233.79  476.95  387.27  361.14  385.81  
frame00218.jpg 368.40  224.00  478.19  224.12  477.39  384.29  366.76  381.20  
frame00219.jpg 369.81  225.11  479.55  221.54  483.04  380.23  367.99  378.72  
frame00220.jpg 373.29  220.59  481.15  218.17  483.67  376.17  370.69  377.04  
frame00221.jpg 374.08  215.86  482.27  219.44  486.10  371.44  370.97  374.72  
frame00222.jpg 377.11  213.37  486.10  214.29  487.93  367.48  375.15  370.42  
frame00223.jpg 378.94  211.90  486.43  210.28  490.72  365.22  377.63  367.50  
frame00224.jpg 380.42  207.42  488.90  203.63  492.57  363.19  381.99  363.71  
frame00225.jpg 381.69  204.68  491.41  200.95  495.31  361.48  384.23  362.33  
frame00226.jpg 382.22  204.66  494.72  197.88  501.37  357.96  387.04  360.57  
frame00227.jpg 388.00  205.25  494.01  202.19  501.32  357.34  389.60  358.56  
frame00228.jpg 387.20  200.38  498.02  198.98  503.65  352.95  391.09  355.18  
frame00229.jpg 387.23  195.64  500.14  196.18  505.19  352.16  391.44  356.52  
frame00230.jpg 392.05  196.18  501.91  197.55  508.10  351.34  393.69  356.67  
frame00231.jpg 395.65  196.35  502.82  196.69  509.27  349.55  396.65  356.07  
frame00232.jpg 397.80  196.79  506.64  193.65  512.66  350.67  395.93  353.80  
frame00233.jpg 400.14  199.63  509.37  192.04  516.49  351.45  400.29  352.38  
frame00234.jpg 402.49  194.58  509.34  194.55  514.51  350.08  401.05  352.35  
frame00235.jpg 403.09  195.00  512.00  191.61  515.96  350.14  400.89  351.02  
frame00236.jpg 403.84  196.35  515.63  192.01  519.74  347.09  404.59  350.54  
frame00237.jpg 404.35  192.80  517.02  190.87  518.97  345.57  405.69  350.25  
frame00238.jpg 407.27  197.19  517.93  187.59  523.67  350.08  408.34  348.87  
frame00239.jpg 407.31  193.71  520.76  190.54  524.51  347.51  408.03  350.25  
frame00240.jpg 411.82  193.42  521.10  192.97  526.79  347.09  412.28  350.81  
frame00241.jpg 410.30  192.93  522.97  190.33  528.81  344.68  416.34  350.95  
frame00242.jpg 414.61  193.99  527.18  192.64  533.11  346.25  416.55  349.97  
frame00243.jpg 417.42  196.30  530.62  188.52  534.07  346.24  419.51  348.39  
frame00244.jpg 422.72  195.09  529.62  191.81  535.36  343.63  424.99  350.82  
frame00245.jpg 420.57  192.28  532.65  189.20  539.96  348.26  423.88  350.32  
frame00246.jpg 425.81  191.26  538.83  190.41  541.62  345.73  426.38  348.93  
frame00247.jpg 428.32  193.27  538.43  192.87  547.87  345.98  430.42  350.05  
frame00248.jpg 433.71  193.00  540.72  193.43  551.63  345.73  434.46  352.47  
frame00249.jpg 437.67  192.72  548.41  191.17  554.80  346.98  436.91  350.12  
frame00250.jpg 441.12  195.14  552.22  190.23  558.50  346.09  442.29  349.77  
frame00251.jpg 446.60  194.13  554.18  193.28  559.53  344.48  444.37  352.75  
frame00252.jpg 451.12  192.63  559.46  193.22  565.95  347.25  446.80  352.38  
frame00253.jpg 453.42  191.24  564.79  193.12  567.15  342.47  453.92  352.24  
frame00254.jpg 459.30  193.38  567.42  190.20  570.66  346.54  456.29  350.34  
frame00255.jpg 462.01  193.66  576.04  186.16  577.64  346.75  463.56  351.44  
frame00256.jpg 466.00  192.90  576.38  192.54  580.78  347.11  467.50  352.24  
frame00257.jpg 471.18  193.36  582.52  193.84  583.16  347.54  468.72  351.10  
frame00258.jpg 473.43  192.58  585.07  194.97  587.29  348.20  471.78  352.12  
frame00259.jpg 477.08  194.54  587.10  194.29  591.92  352.53  475.85  352.20  
frame00260.jpg 484.21  198.35  593.81  196.40  592.43  350.42  477.36  351.43  
frame00261.jpg 486.64  195.02  599.15  192.64  596.13  350.22  484.10  352.48  
frame00262.jpg 489.50  196.37  599.51  196.67  599.45  351.04  485.95  355.22  
frame00263.jpg 492.90  196.75  603.75  200.15  604.67  355.44  488.43  355.87  
frame00264.jpg 494.83  196.69  606.57  198.70  609.68  354.37  492.92  356.76  
frame00265.jpg 501.09  197.92  609.27  202.36  608.37  353.16  495.00  355.76  
frame00266.jpg 500.21  200.64  610.65  198.06  612.10  352.00  497.07  360.81  
frame00267.jpg 502.63  198.96  613.53  201.82  615.87  351.04  501.45  360.63  
frame00268.jpg 506.81  199.77  616.69  202.50  616.98  352.89  503.93  359.92  
frame00269.jpg 507.27  201.64  621.70  200.66  622.09  353.96  506.29  359.62  
frame00270.jpg 513.25  204.49  618.70  205.48  624.67  360.52  509.98  361.62  
frame00271.jpg 513.18  203.95  621.26  204.20  626.93  359.73  509.10  362.40  
frame00272.jpg 517.47  204.43  624.93  203.35  627.58  359.80  515.15  363.47  
frame00273.jpg 516.73  203.56  628.19  204.39  631.44  357.18  517.44  364.37  
frame00274.jpg 517.92  205.78  631.27  201.17  632.42  356.51  520.45  363.99  
frame00275.jpg 518.67  203.42  632.10  204.66  634.45  357.91  518.29  365.70  
frame00276.jpg 520.56  203.96  631.94  206.96  634.06  356.55  522.12  367.59  
frame00277.jpg 526.66  214.41  632.71  206.02  640.19  361.01  522.21  364.59  
frame00278.jpg 531.54  213.69  648.42  208.70  650.07  361.61  526.46  373.94  
frame00279.jpg 531.22  214.40  648.33  207.38  648.47  359.56  528.96  373.22  
frame00280.jpg 534.34  218.06  649.98  211.87  649.65  356.78  528.81  372.99  
frame00281.jpg 533.74  215.20  652.48  208.55  656.58  357.88  531.40  375.75  
frame00282.jpg 533.22  217.11  653.14  211.26  656.21  356.55  531.60  375.36  
frame00283.jpg 530.18  216.27  652.58  207.92  657.91  354.13  533.29  376.53  
frame00284.jpg 538.04  217.55  651.63  209.12  661.70  356.79  539.38  375.77  
frame00285.jpg 528.24  212.92  646.21  205.03  648.95  356.38  531.18  372.10  
frame00286.jpg 528.95  220.68  650.56  201.12  652.80  355.97  531.05  371.64  
frame00287.jpg 529.93  216.36  645.44  206.91  651.76  359.81  531.85  377.13  
frame00288.jpg 527.80  215.31  643.03  211.83  649.17  358.12  531.08  378.85  
frame00289.jpg 526.82  215.59  643.40  214.48  649.27  355.69  530.41  380.03  
frame00290.jpg 532.06  222.22  646.43  210.42  654.07  355.18  534.33  381.90  
frame00291.jpg 523.82  221.89  643.43  213.34  651.51  355.34  533.99  381.84  
frame00292.jpg 524.14  224.09  648.18  206.62  653.47  355.01  534.01  383.75  
frame00293.jpg 529.16  224.41  645.06  212.57  652.20  363.24  537.48  384.32  
frame00294.jpg 527.67  223.68  642.82  214.47  648.37  361.01  538.53  385.00  
frame00295.jpg 539.56  234.58  660.05  215.19  672.31  376.46  546.87  388.98  
frame00296.jpg 541.62  238.82  657.20  214.15  668.19  377.72  549.50  390.75  
frame00297.jpg 542.13  239.18  664.99  221.08  671.58  381.51  547.06  393.78  
frame00298.jpg 540.96  238.78  658.32  223.50  660.52  374.87  550.08  392.00  
frame00299.jpg 544.59  242.44  661.47  222.34  662.05  376.42  551.00  394.73  
frame00300.jpg 545.40  248.40  656.25  232.57  660.23  378.68  551.89  393.66  
frame00301.jpg 546.37  254.38  662.76  229.51  662.80  378.72  547.31  396.77  
frame00302.jpg 545.45  247.51  726.03  212.63  17.63   -608.25 527.49  460.73  
frame00303.jpg 546.84  248.12  728.13  211.42  -109.67 -816.91 532.21  460.64  
frame00304.jpg 543.75  249.50  734.45  213.79  -106.07 -787.92 529.76  458.52  
frame00305.jpg 543.27  256.44  726.09  224.83  -90.79  -692.69 523.65  464.76  
frame00306.jpg 544.53  257.28  720.31  231.15  -25.79  -669.17 524.96  463.37  
frame00307.jpg 546.12  261.16  722.91  228.98  -21.72  -635.94 525.30  463.48  
frame00308.jpg 546.91  265.15  736.62  231.83  1.59    -597.80 526.53  460.51  
frame00309.jpg 549.26  263.30  739.52  221.81  -80.11  -694.76 530.04  465.32  
frame00310.jpg 546.87  264.27  731.24  224.81  -6.07   -590.73 528.91  461.56  
frame00311.jpg 549.26  266.14  744.55  215.89  -63.77  -664.05 532.08  465.70  
frame00312.jpg 547.67  272.49  743.95  228.03  -85.59  -782.71 527.46  462.49  
frame00313.jpg 541.18  265.24  655.74  259.91  651.49  404.02  538.02  420.83  
frame00314.jpg 537.21  268.37  653.32  267.70  649.68  402.56  533.03  424.30  
frame00315.jpg 540.38  270.10  652.01  267.34  648.75  405.30  538.11  424.17  
frame00316.jpg 543.29  273.94  653.30  264.12  649.32  405.40  541.17  425.09  
frame00317.jpg 545.56  275.08  662.73  270.93  654.55  423.12  536.30  425.54  
frame00318.jpg 541.58  274.67  660.63  273.12  652.24  420.54  532.91  425.73  
frame00319.jpg 544.63  274.59  662.05  274.30  651.68  421.79  534.68  425.72  
frame00320.jpg 540.93  280.90  662.04  272.80  651.45  424.20  529.37  427.57  
frame00321.jpg 537.43  282.12  662.94  281.72  652.47  423.69  529.67  426.95  
frame00322.jpg 568.88  300.32  507.65  340.93  556.74  271.06  495.30  476.20  
frame00323.jpg 566.59  303.23  507.46  343.23  555.65  274.01  493.55  477.14  
frame00324.jpg 567.10  302.56  505.91  344.63  555.55  273.68  492.05  475.02  
frame00325.jpg 566.15  305.03  506.38  343.47  555.96  274.89  489.76  473.36  
frame00326.jpg 565.95  305.12  504.88  345.70  555.66  274.64  488.48  475.17  
frame00327.jpg 552.86  293.06  671.66  286.27  652.35  442.01  542.28  446.01  
frame00328.jpg 549.48  290.24  677.37  287.23  653.80  440.38  539.67  444.21  
frame00329.jpg 550.82  297.58  673.21  292.19  650.72  439.98  542.30  444.82  
frame00330.jpg 550.47  297.84  680.50  286.53  655.08  443.67  538.16  447.78  
frame00331.jpg 552.91  297.80  668.18  299.10  654.40  446.99  536.95  449.94  
frame00332.jpg 548.99  297.54  672.45  296.13  657.26  448.47  534.63  450.52  
frame00333.jpg 548.69  295.74  668.97  295.72  654.23  448.40  540.08  451.98  
frame00334.jpg 544.60  295.51  673.48  292.38  657.02  449.81  537.87  452.56  
frame00335.jpg 537.40  296.47  675.79  287.50  659.05  453.48  537.99  455.28  
frame00336.jpg 552.00  300.97  669.69  301.56  653.16  447.67  539.90  456.84  
frame00337.jpg 553.79  296.88  676.47  293.26  654.27  451.16  541.98  460.55  
frame00338.jpg 549.78  304.07  674.92  294.63  652.34  446.14  541.96  460.55  
frame00339.jpg 550.22  294.69  673.11  293.79  649.67  445.55  540.92  458.52  
frame00340.jpg 551.42  297.44  680.19  292.31  654.45  447.02  543.29  454.78  
frame00341.jpg 549.28  299.40  678.64  291.37  651.90  449.28  537.33  457.86  
frame00342.jpg 548.97  305.34  673.78  299.59  651.33  445.99  535.18  457.29  
frame00343.jpg 554.49  297.68  676.03  294.30  652.11  444.48  542.55  454.39  
frame00344.jpg 553.75  297.81  673.66  295.82  650.07  447.32  540.28  456.45  
frame00345.jpg 551.83  298.70  674.86  292.97  651.04  445.89  539.14  456.21  
frame00346.jpg 552.91  301.20  682.33  291.22  656.21  447.55  541.56  452.55  
frame00347.jpg 550.57  302.82  678.04  297.16  651.97  446.55  535.81  453.12  
frame00348.jpg 554.19  298.14  675.94  295.70  652.59  445.55  540.29  453.95  
frame00349.jpg 557.36  297.68  683.24  288.98  654.16  452.20  542.80  454.24  
frame00350.jpg 551.79  302.14  681.66  288.46  652.05  448.84  540.23  453.12  
frame00351.jpg 552.41  299.56  682.92  288.60  650.86  447.27  538.38  453.45  
frame00352.jpg 557.05  295.38  685.20  286.34  650.92  445.41  541.49  454.96  
frame00353.jpg 553.47  305.06  683.28  292.56  648.30  444.64  540.65  453.67  
frame00354.jpg 550.84  298.64  684.75  291.02  647.17  446.10  537.34  457.83  
frame00355.jpg 555.57  289.08  687.98  284.27  647.78  442.16  541.66  455.77  
frame00356.jpg 553.76  303.73  671.00  302.83  655.32  450.66  540.07  455.84  
frame00357.jpg 554.44  304.69  675.33  300.56  657.65  449.17  541.33  454.74  
frame00358.jpg 549.52  307.82  669.26  306.09  655.55  449.71  536.12  457.39  
frame00359.jpg 556.53  307.28  675.02  302.90  661.23  455.71  539.87  455.44  
frame00360.jpg 557.14  301.43  671.91  294.88  656.49  454.17  542.11  453.36  
frame00361.jpg 553.33  306.66  669.33  304.95  657.27  454.74  537.78  455.02  
frame00362.jpg 559.45  303.68  675.84  301.15  658.78  450.66  543.06  452.96  
frame00363.jpg 550.83  308.40  671.61  307.19  654.67  450.33  537.34  453.41  
frame00364.jpg 552.50  304.92  669.90  306.03  654.94  451.95  536.66  459.62  
frame00365.jpg 556.16  303.26  671.59  302.58  658.15  448.59  539.84  457.23  
frame00366.jpg 552.92  302.36  667.31  305.86  655.52  449.66  534.48  464.56  
frame00367.jpg 551.59  300.78  667.63  303.47  653.87  447.00  536.34  459.86  
frame00368.jpg 553.20  298.81  667.41  301.75  654.28  447.85  543.46  461.12  
frame00369.jpg 550.63  304.50  667.47  301.62  653.14  450.85  539.81  459.35  
frame00370.jpg 552.36  304.28  672.12  300.65  656.69  453.57  537.74  461.19  
frame00371.jpg 551.49  297.81  675.76  300.56  653.90  449.82  543.24  456.01  
frame00372.jpg 547.36  301.32  670.27  305.82  653.24  447.92  539.64  454.87  
frame00373.jpg 549.04  297.46  668.66  304.52  653.48  449.43  539.22  461.05  
frame00374.jpg 549.27  301.74  669.74  307.02  654.10  448.21  534.99  455.39  
frame00375.jpg 551.58  304.86  669.08  309.80  654.64  449.28  533.70  454.24  
frame00376.jpg 554.34  303.67  675.45  304.41  660.48  451.24  540.24  458.23  
frame00377.jpg 553.97  303.60  668.92  303.47  656.37  450.99  539.16  456.16  
frame00378.jpg 554.89  304.57  673.37  299.88  659.40  452.13  539.15  450.76  
frame00379.jpg 555.66  304.68  673.22  297.16  655.46  452.48  539.61  448.32  
frame00380.jpg 556.84  301.14  674.20  298.82  654.71  452.57  538.73  447.24  
frame00381.jpg 560.63  298.97  676.62  299.92  656.34  448.72  536.60  457.09  
frame00382.jpg 553.50  302.56  669.10  302.38  655.54  450.03  539.61  456.74  
frame00383.jpg 551.61  300.98  670.35  300.63  658.51  449.98  536.47  459.09  
frame00384.jpg 550.97  304.07  670.82  302.43  656.43  447.94  537.12  455.39  
frame00385.jpg 553.50  305.74  666.62  307.50  656.09  451.33  536.68  461.90  
frame00386.jpg 555.73  303.74  667.83  303.90  661.19  453.47  542.09  454.52  
frame00387.jpg 551.62  307.19  663.35  308.20  659.06  451.48  535.88  456.54  
frame00388.jpg 554.99  314.26  664.88  309.56  662.38  457.25  543.11  454.95  
frame00389.jpg 555.95  309.98  662.28  302.94  658.72  453.04  545.93  452.35  
frame00390.jpg 558.03  308.67  668.15  302.83  655.99  450.29  541.08  452.58  
frame00391.jpg 557.06  301.02  671.30  302.36  654.27  449.52  539.33  455.32  
frame00392.jpg 550.23  297.19  667.32  302.47  653.79  445.42  537.14  457.48  
frame00393.jpg 556.91  297.94  666.61  302.77  653.25  446.59  542.68  454.88  
frame00394.jpg 552.67  305.54  667.25  307.31  654.84  451.61  535.58  456.75  
frame00395.jpg 558.64  302.24  667.49  304.12  655.05  448.10  541.05  454.46  
frame00396.jpg 557.30  302.82  670.70  304.07  657.23  447.98  536.20  457.16  
frame00397.jpg 552.53  297.35  674.24  302.08  653.13  449.68  531.59  457.76  
frame00398.jpg 555.41  301.04  676.94  305.07  656.41  447.16  540.14  454.08  
frame00399.jpg 553.30  302.03  667.56  305.46  655.92  450.14  537.11  457.63  
frame00400.jpg 554.63  303.35  664.81  313.61  654.46  451.55  536.55  463.09  
frame00401.jpg 553.36  302.57  668.24  305.30  655.97  450.10  537.28  457.44  
frame00402.jpg 554.86  302.21  664.40  310.11  656.38  451.79  540.13  455.36  
frame00403.jpg 550.96  301.22  662.40  311.84  655.46  447.99  536.64  457.68  
frame00404.jpg 560.29  302.41  663.93  311.38  659.35  451.91  536.74  464.44  
frame00405.jpg 553.41  302.57  668.95  304.22  655.90  449.82  538.32  457.45  
frame00406.jpg 558.35  300.98  676.03  302.76  659.19  454.89  540.63  458.58  
frame00407.jpg 552.71  298.54  672.76  296.00  656.56  449.34  537.70  456.13  
frame00408.jpg 553.71  303.20  670.88  304.10  654.81  449.11  542.99  453.92  
frame00409.jpg 551.95  305.68  670.41  305.79  654.21  452.01  537.37  459.71  
frame00410.jpg 546.94  297.81  672.25  301.07  655.85  449.88  537.95  455.39  
frame00411.jpg 548.64  299.40  673.19  304.54  656.86  449.41  536.12  454.96  
frame00412.jpg 548.39  298.95  673.36  297.31  656.26  447.43  539.54  457.14  
frame00413.jpg 554.64  297.08  672.85  298.54  655.86  446.53  540.86  455.85  
frame00414.jpg 558.63  303.57  672.40  305.12  653.59  455.91  541.46  459.69  
frame00415.jpg 554.84  301.88  674.04  304.52  655.67  449.12  539.09  457.30  
frame00416.jpg 550.47  299.73  677.14  301.21  658.67  446.90  536.68  457.02  
frame00417.jpg 546.01  303.79  672.54  309.64  656.89  446.14  531.85  455.58  
frame00418.jpg 556.13  301.22  672.23  308.47  656.68  450.52  535.94  456.88  
frame00419.jpg 555.47  299.23  675.14  304.38  660.22  453.33  539.44  460.10  
frame00420.jpg 554.11  301.81  671.60  308.20  656.19  452.89  536.05  456.99  
frame00421.jpg 554.11  297.57  672.77  304.91  656.99  452.48  537.25  453.14  
frame00422.jpg 552.21  301.80  672.26  313.56  657.77  449.83  529.96  455.56  
frame00423.jpg 552.20  303.33  668.88  314.38  656.26  451.68  531.07  463.56  
frame00424.jpg 551.95  300.41  669.56  317.72  656.76  448.43  528.21  456.50  
frame00425.jpg 553.71  300.09  669.05  312.95  656.85  452.75  524.59  464.02  
frame00426.jpg 550.45  301.21  668.66  314.08  656.54  450.03  528.92  456.06  
frame00427.jpg 554.11  301.21  668.39  314.34  655.52  452.15  526.43  458.92  
frame00428.jpg 555.63  296.90  673.21  302.18  657.02  449.41  536.65  451.51  
frame00429.jpg 554.00  290.86  670.77  299.16  653.49  448.09  534.99  455.28  
frame00430.jpg 555.07  290.34  678.00  293.57  658.03  443.19  536.48  449.58  
frame00431.jpg 553.51  292.84  681.12  282.82  658.22  443.44  544.88  443.20  
frame00432.jpg 552.68  288.18  689.45  274.09  660.06  445.79  541.52  447.30  
frame00433.jpg 553.87  289.15  672.54  286.46  658.76  439.36  539.60  443.01  
frame00434.jpg 553.43  283.61  669.55  283.48  657.97  435.04  537.22  441.66  
frame00435.jpg 554.78  273.59  672.24  280.22  655.61  430.50  536.41  447.15  
frame00436.jpg 552.78  280.75  675.99  278.39  660.09  432.96  540.07  433.00  
frame00437.jpg 555.06  275.22  677.12  274.26  659.74  431.88  544.36  428.22  
frame00438.jpg 560.39  278.53  684.31  263.90  661.09  427.41  548.54  427.53  
frame00439.jpg 564.63  270.51  682.73  261.07  657.92  427.10  549.50  430.70  
frame00440.jpg 553.36  268.10  668.19  271.93  660.26  421.30  539.98  430.88  
frame00441.jpg 553.11  261.52  668.94  267.80  663.62  417.83  541.77  428.18  
frame00442.jpg 551.35  261.26  666.46  276.04  660.33  414.85  536.37  434.22  
frame00443.jpg 554.10  255.37  667.30  273.72  660.35  414.52  537.00  436.52  
frame00444.jpg 551.00  253.55  665.72  276.24  659.30  406.11  540.82  428.68  
frame00445.jpg 555.96  256.43  675.11  255.39  663.25  410.79  542.35  412.17  
frame00446.jpg 555.18  253.09  676.33  251.85  667.38  406.48  543.92  406.43  
frame00447.jpg 556.50  250.93  671.66  249.94  663.05  403.85  542.03  411.86  
frame00448.jpg 554.26  247.14  671.50  247.03  662.36  401.26  543.07  408.53  
frame00449.jpg 555.86  239.53  672.18  240.47  661.47  399.97  540.61  413.83  
frame00450.jpg 553.94  237.08  675.49  235.53  662.47  394.75  540.99  404.43  
frame00451.jpg 554.51  238.45  671.75  239.15  661.68  392.39  543.80  398.13  
frame00452.jpg 551.84  238.95  670.34  239.54  660.11  385.72  541.13  394.98  
frame00453.jpg 552.47  233.67  667.78  233.59  663.50  385.06  541.81  396.75  
frame00454.jpg 556.04  230.84  666.31  227.55  661.45  380.51  544.58  394.76  
frame00455.jpg 550.59  227.44  665.82  228.25  661.30  380.12  539.60  390.56  
frame00456.jpg 547.79  221.87  664.66  225.80  657.58  382.46  538.27  390.44  
frame00457.jpg 548.56  221.27  663.68  223.11  653.66  372.94  538.13  380.95  
frame00458.jpg 544.27  216.12  661.53  219.96  651.89  369.69  534.42  380.12  
frame00459.jpg 542.63  211.57  659.52  218.51  649.53  367.32  532.92  379.16  
frame00460.jpg 544.68  214.96  659.92  216.61  650.48  366.94  533.02  374.86  
frame00461.jpg 547.46  212.27  659.67  210.56  647.82  365.55  534.86  372.17  
frame00462.jpg 544.15  213.89  658.57  216.69  645.98  363.27  529.69  370.38  
frame00463.jpg 533.86  205.06  646.11  211.05  650.84  353.73  541.14  388.13  
frame00464.jpg 526.65  197.51  642.52  211.06  650.14  351.47  537.90  386.40  
frame00465.jpg 534.40  205.81  652.05  205.24  644.82  359.60  524.36  365.08  
frame00466.jpg 528.61  203.45  646.86  206.94  642.73  355.71  520.92  362.34  
frame00467.jpg 536.21  206.94  655.93  207.95  649.23  358.34  521.23  371.38  
frame00468.jpg 530.83  203.99  654.48  203.30  645.36  361.96  517.80  370.87  
frame00469.jpg 530.22  206.28  654.60  197.25  646.09  360.04  523.39  359.88  
frame00470.jpg 526.04  204.62  657.18  197.66  645.95  361.95  517.64  358.56  
frame00471.jpg 526.12  199.99  643.11  198.25  633.83  357.36  512.56  366.38  
frame00472.jpg 519.06  200.64  641.66  198.14  632.28  362.11  506.20  366.28  
frame00473.jpg 507.89  192.56  625.89  194.26  621.34  351.67  499.99  357.48  
frame00474.jpg 500.07  191.39  625.01  190.77  618.11  349.74  496.48  359.02  
frame00475.jpg 497.11  190.93  618.76  194.22  614.12  347.95  490.37  355.86  
frame00476.jpg 491.07  188.68  616.30  188.62  609.98  349.67  486.89  357.06  
frame00477.jpg 488.93  189.92  610.45  192.98  607.72  347.45  479.96  357.10  
frame00478.jpg 486.74  196.48  602.43  191.88  605.76  349.01  479.97  357.29  
frame00479.jpg 479.69  192.05  595.68  192.56  599.50  344.38  474.03  361.77  
frame00480.jpg 474.34  196.44  592.64  187.72  596.75  349.08  470.21  352.50  
frame00481.jpg 470.13  194.09  586.92  187.47  592.73  347.14  468.68  358.37  
frame00482.jpg 467.52  195.36  581.06  192.25  588.69  347.53  462.18  356.55  
frame00483.jpg 462.95  197.83  574.53  196.96  588.68  347.12  454.19  361.96  
frame00484.jpg 455.35  193.70  575.03  185.68  580.36  344.97  456.40  354.10  
frame00485.jpg 453.45  190.32  570.17  184.25  573.13  344.99  455.28  354.28  
frame00486.jpg 445.13  191.79  564.81  186.68  566.85  343.97  447.70  356.49  
frame00487.jpg 437.01  194.70  562.05  187.65  570.61  347.02  438.99  356.18  
frame00488.jpg 431.70  193.83  553.56  190.21  562.66  343.29  431.62  358.02  
frame00489.jpg 434.83  198.63  548.13  186.63  556.68  348.70  429.71  358.08  
frame00490.jpg 424.99  195.17  543.16  189.48  549.78  349.94  423.23  357.68  
frame00491.jpg 419.53  195.13  539.74  187.98  542.89  348.27  418.57  357.45  
frame00492.jpg 421.61  203.07  539.35  184.28  541.66  349.55  417.69  356.06  
frame00493.jpg 412.34  206.47  527.97  184.15  541.50  354.88  416.60  353.76  
frame00494.jpg 408.65  208.02  520.76  189.78  532.83  355.54  408.55  359.85  
frame00495.jpg 401.23  206.85  516.66  192.24  527.33  357.21  403.92  355.53  
frame00496.jpg 400.24  213.18  512.57  190.75  520.81  359.90  398.48  357.64  
frame00497.jpg 392.34  215.40  505.59  196.35  515.36  361.45  393.43  359.20  
frame00498.jpg 387.52  216.82  505.90  193.74  512.88  362.00  387.62  360.14  
frame00499.jpg 376.92  211.25  493.06  206.03  502.54  360.75  378.56  368.86  
frame00500.jpg 373.75  215.20  487.20  211.25  495.37  362.06  372.47  369.61  
frame00501.jpg 368.34  215.65  481.40  213.33  490.74  366.34  367.93  375.16  
frame00502.jpg 359.46  215.03  479.38  213.76  492.90  370.24  363.37  374.41  
frame00503.jpg 353.52  215.72  473.88  218.34  484.05  366.42  355.33  381.14  
frame00504.jpg 353.47  219.74  469.89  218.93  479.83  372.49  352.12  381.74  
frame00505.jpg 354.70  226.29  465.59  224.00  474.22  374.59  354.47  382.87  
frame00506.jpg 348.45  228.39  462.53  222.91  469.91  376.72  350.96  385.00  
frame00507.jpg 344.70  232.02  461.04  231.76  471.91  381.80  345.52  386.04  
frame00508.jpg 344.05  232.04  455.67  231.14  466.05  383.90  348.10  385.11  
frame00509.jpg 345.07  240.49  456.47  236.15  465.21  392.19  341.64  391.90  
frame00510.jpg 340.91  237.01  453.36  243.67  457.42  390.65  337.62  395.38  
frame00511.jpg 338.29  243.09  451.20  241.65  454.65  394.89  336.76  400.30  
frame00512.jpg 332.30  243.88  452.04  246.83  456.19  396.93  333.24  398.09  
frame00513.jpg 337.86  251.48  452.82  246.27  452.57  402.99  336.50  401.22  
frame00514.jpg 334.00  251.74  446.36  255.39  450.13  407.23  330.34  408.77  
frame00515.jpg 330.71  256.82  447.01  260.17  449.67  410.47  328.77  409.90  
frame00516.jpg 336.58  258.59  451.65  260.85  452.32  419.12  329.81  411.79  
frame00517.jpg 330.82  264.76  447.71  265.64  445.79  418.15  324.47  416.07  
frame00518.jpg 328.85  264.17  444.75  269.77  444.12  421.16  322.98  422.76  
frame00519.jpg 326.55  264.39  446.72  278.37  441.15  425.05  321.18  425.38  
frame00520.jpg 327.27  274.12  446.25  283.79  444.83  425.07  317.02  429.11  
frame00521.jpg 331.25  275.89  442.70  287.37  439.81  436.12  318.76  433.78  
frame00522.jpg 327.16  286.95  441.87  288.18  443.61  438.96  323.58  430.05  
frame00523.jpg 325.06  286.59  438.80  291.70  439.20  442.01  319.71  434.70  
frame00524.jpg 323.39  292.33  443.26  302.31  441.29  449.00  316.71  435.03  
frame00525.jpg 326.67  290.24  442.42  298.85  433.34  450.10  317.76  440.32  
frame00526.jpg 323.83  290.52  439.23  306.72  430.21  454.08  315.12  447.02  
frame00527.jpg 324.37  300.18  440.63  312.38  436.44  458.77  315.60  443.77  
frame00528.jpg 324.01  298.66  439.37  307.91  430.84  458.92  315.93  448.07  
frame00529.jpg 319.14  299.30  436.79  310.55  429.34  457.04  315.15  449.71  
frame00530.jpg 316.09  296.02  438.61  311.49  431.30  463.83  310.61  452.98  
frame00531.jpg 319.95  297.93  436.85  312.04  430.62  467.47  317.56  451.65  
frame00532.jpg 320.11  300.68  438.11  312.08  434.09  468.49  317.56  453.65  
frame00533.jpg 316.88  302.83  435.65  312.88  430.73  462.65  313.47  461.30  
frame00534.jpg 322.15  306.09  438.56  313.70  431.32  465.42  315.28  456.12  
frame00535.jpg 321.43  306.84  436.04  316.21  428.65  462.31  314.74  454.60  
frame00536.jpg 321.98  307.33  437.89  314.70  432.81  466.19  315.44  458.45  
frame00537.jpg 323.16  309.95  434.64  317.73  431.53  463.59  311.16  461.03  
frame00538.jpg 319.42  307.37  434.55  318.46  433.04  466.64  311.98  458.75  
frame00539.jpg 323.71  316.09  434.78  314.45  434.52  469.70  319.24  463.29  
frame00540.jpg 323.49  309.46  434.05  319.71  433.53  469.42  316.21  459.07  
frame00541.jpg 320.87  308.97  439.12  318.03  439.92  473.09  314.49  461.15  
frame00542.jpg 318.92  310.91  435.15  320.58  433.61  469.73  311.55  464.35  
frame00543.jpg 321.59  304.83  433.62  323.09  432.03  469.19  311.75  465.42  
frame00544.jpg 321.24  308.88  435.48  320.00  432.58  469.89  311.21  462.61  
frame00545.jpg 320.79  306.26  434.49  321.64  433.41  468.00  311.78  465.28  
frame00546.jpg 319.14  306.28  433.98  322.27  431.97  465.31  313.86  464.19  
frame00547.jpg 319.16  307.82  433.12  314.38  432.72  469.64  312.46  468.95  
frame00548.jpg 320.30  312.21  436.82  315.40  433.31  466.82  316.43  463.63  
frame00549.jpg 315.90  308.05  435.93  317.49  431.19  465.31  314.44  463.64  
frame00550.jpg 313.33  307.49  434.86  320.67  428.09  463.73  311.55  467.14  
frame00551.jpg 318.02  314.06  434.24  315.13  433.84  467.50  315.36  465.77  
frame00552.jpg 318.60  314.87  430.88  312.01  432.38  469.36  318.42  463.49  
frame00553.jpg 317.38  314.26  433.64  314.80  433.35  467.16  315.44  465.98  
frame00554.jpg 317.22  313.51  433.69  311.57  431.22  470.47  316.29  468.36  
frame00555.jpg 318.16  313.74  434.67  314.74  434.05  467.69  315.01  466.40  
frame00556.jpg 318.15  312.91  436.67  313.89  434.53  469.87  313.19  464.81  
frame00557.jpg 316.93  310.51  435.88  316.63  430.47  465.69  312.52  469.24  
frame00558.jpg 318.72  316.36  440.23  313.54  434.93  466.00  311.83  465.72  
frame00559.jpg 318.42  313.33  434.96  313.93  433.42  466.53  315.47  466.01  
frame00560.jpg 313.97  309.33  434.21  312.87  429.80  464.79  314.18  466.15  
frame00561.jpg 318.28  313.34  434.91  314.02  433.40  466.72  315.45  466.05  
frame00562.jpg 313.63  311.62  434.19  315.52  430.94  463.46  314.62  463.79  
frame00563.jpg 318.58  312.77  434.09  311.52  431.12  468.28  319.49  467.07  
frame00564.jpg 318.00  314.22  434.52  314.32  433.77  467.15  315.41  466.00  
frame00565.jpg 318.77  314.25  431.44  316.90  432.82  470.25  317.80  467.99  
frame00566.jpg 317.85  313.98  434.42  314.45  433.75  467.15  315.33  466.08  
frame00567.jpg 321.38  311.16  436.07  313.09  430.59  465.74  319.46  463.78  
frame00568.jpg 314.78  313.04  432.53  318.01  430.57  464.10  317.32  463.04  
frame00569.jpg 314.65  312.10  438.79  311.34  435.55  469.54  315.40  463.42  
frame00570.jpg 314.32  315.09  435.42  315.54  432.64  463.60  313.04  464.57  
frame00571.jpg 317.54  309.90  437.26  313.14  435.93  467.65  318.49  463.73  
frame00572.jpg 320.33  314.00  433.12  312.73  432.97  470.50  318.82  467.73  
frame00573.jpg 319.84  316.35  437.80  310.14  436.38  470.19  317.44  463.13  
frame00574.jpg 321.22  319.41  435.55  308.82  432.64  467.50  318.07  467.70  
frame00575.jpg 319.90  317.07  432.75  315.72  432.77  470.47  312.99  466.24  
frame00576.jpg 318.67  317.85  432.18  314.83  433.33  468.42  312.17  469.47  
frame00577.jpg 318.17  317.51  438.03  317.83  438.06  470.47  311.50  468.10  
frame00578.jpg 317.64  316.78  433.22  314.88  433.07  468.41  316.34  465.81  
frame00579.jpg 317.83  312.66  431.40  314.91  431.49  468.37  318.02  467.72  
frame00580.jpg 316.39  312.78  438.00  313.99  438.38  471.59  314.18  466.52  
frame00581.jpg 316.36  308.86  436.01  309.19  432.48  465.25  317.60  466.33  
frame00582.jpg 309.63  311.43  432.73  318.80  432.02  464.76  315.31  464.32  
frame00583.jpg 314.23  315.44  435.96  320.31  434.27  463.56  317.80  464.76  
frame00584.jpg 316.79  315.46  433.35  315.25  433.98  467.92  315.31  466.38  
frame00585.jpg 317.86  313.19  430.23  315.75  433.26  469.52  318.30  465.85  
frame00586.jpg 317.76  315.34  432.97  318.44  435.91  470.66  311.55  469.67  
frame00587.jpg 317.65  319.07  431.14  318.63  435.87  470.70  311.63  467.80  
frame00588.jpg 314.58  315.13  431.06  316.49  432.72  465.92  311.89  467.01  
frame00589.jpg 312.85  311.66  432.76  314.09  434.24  468.78  314.31  463.95  
frame00590.jpg 312.82  314.64  431.98  313.52  432.73  464.47  314.21  468.87  
frame00591.jpg 317.42  316.80  434.34  318.52  436.50  469.43  309.24  469.95  
frame00592.jpg 320.79  321.35  430.00  317.55  435.27  472.12  315.74  467.35  
frame00593.jpg 318.15  316.18  428.82  325.37  434.64  469.76  311.17  469.11  
frame00594.jpg 322.06  318.13  427.85  320.57  433.21  468.24  313.98  467.17  
frame00595.jpg 314.43  315.90  429.82  317.89  433.32  469.79  311.78  466.41  
frame00596.jpg 316.88  318.22  428.59  314.56  434.84  466.60  319.52  465.47  
frame00597.jpg 317.74  319.46  431.64  320.01  437.43  470.08  311.84  469.73  
frame00598.jpg 316.81  318.25  429.34  315.94  435.39  470.80  312.04  466.50  
frame00599.jpg 316.04  314.54  428.59  322.47  432.81  468.56  313.33  467.69  
frame00600.jpg 317.39  317.33  428.68  321.56  433.54  467.10  310.25  472.03  
frame00601.jpg 315.18  316.71  430.38  318.23  435.57  468.82  312.62  464.38  
frame00602.jpg 317.71  316.85  428.55  316.96  433.76  466.34  317.42  468.99  
frame00603.jpg 314.02  319.02  429.94  320.22  438.33  468.29  313.40  466.80  
frame00604.jpg 316.50  315.28  428.94  318.07  436.61  468.26  317.35  465.74  
frame00605.jpg 312.92  313.42  427.15  321.43  434.52  467.24  309.97  473.38  
frame00606.jpg 309.98  311.90  425.24  320.46  435.47  470.17  312.13  470.27  
frame00607.jpg 315.57  322.26  424.76  321.47  437.87  469.28  318.93  467.66  
frame00608.jpg 315.44  315.94  432.48  315.85  432.98  467.17  314.95  467.10  
frame00609.jpg 318.12  316.77  435.12  311.62  436.57  470.86  319.37  465.50  
frame00610.jpg 312.88  312.18  433.08  313.58  432.71  469.59  315.88  467.57  
frame00611.jpg 316.13  314.11  433.74  316.51  431.37  464.52  313.37  467.26  
frame00612.jpg 318.00  317.92  436.43  311.55  434.09  467.99  316.99  467.62  
frame00613.jpg 314.93  317.00  431.28  318.50  432.86  469.22  312.62  467.44  
frame00614.jpg 319.33  319.54  430.94  313.95  431.78  467.14  319.01  464.93  
frame00615.jpg 316.56  319.94  434.34  310.35  434.69  469.76  315.85  465.83  
frame00616.jpg 313.06  315.21  432.70  317.27  433.25  466.40  315.35  468.93  
frame00617.jpg 317.06  315.96  430.28  319.36  430.42  466.95  312.99  469.12  
frame00618.jpg 316.98  317.90  432.53  315.28  436.25  472.52  315.28  466.15  
frame00619.jpg 315.43  313.78  431.58  319.41  432.21  468.27  314.32  464.96  
frame00620.jpg 313.87  313.66  430.00  317.50  429.34  462.91  310.31  472.68  
frame00621.jpg 317.75  314.27  431.41  314.15  429.86  468.61  318.20  464.46  
frame00622.jpg 316.66  316.08  433.04  312.49  433.09  467.01  314.57  469.35  
frame00623.jpg 311.13  313.26  433.52  313.85  430.88  463.39  314.42  467.40  
frame00624.jpg 311.04  311.22  431.28  311.33  432.98  469.21  314.70  467.20  
frame00625.jpg 312.14  315.10  433.12  318.11  437.75  468.37  314.56  468.67  
frame00626.jpg 315.09  313.67  431.17  316.16  434.17  469.44  317.68  467.70  
frame00627.jpg 310.84  314.29  431.02  315.59  430.75  462.86  313.51  468.09  
frame00628.jpg 316.09  313.22  430.01  315.62  430.84  467.93  319.64  467.83  
frame00629.jpg 313.46  314.48  433.26  311.14  435.04  466.31  315.97  464.40  
frame00630.jpg 311.18  318.09  432.36  312.11  432.73  464.45  317.47  462.03  
frame00631.jpg 314.88  315.43  432.46  315.91  432.83  467.16  315.07  467.18  
frame00632.jpg 317.09  312.21  431.76  316.15  430.04  468.08  316.60  466.80  
frame00633.jpg 321.09  318.81  435.00  319.79  433.48  468.00  316.24  464.93  
frame00634.jpg 317.87  316.73  431.24  318.81  431.51  465.98  312.40  470.48  
frame00635.jpg 314.39  317.09  434.04  313.74  435.02  469.60  312.56  470.36  
frame00636.jpg 309.14  313.11  432.06  317.89  433.15  463.58  313.59  467.17  
frame00637.jpg 310.30  309.91  434.21  317.67  436.11  469.59  313.19  467.31  
frame00638.jpg 311.90  318.30  432.68  318.66  434.60  467.49  310.77  471.32  
frame00639.jpg 318.80  315.68  431.38  313.04  434.48  471.12  315.12  468.16  
frame00640.jpg 320.27  321.77  433.44  317.53  436.89  468.87  316.86  466.23  
frame00641.jpg 313.09  313.99  429.15  314.76  433.17  468.03  314.15  464.77  
frame00642.jpg 314.63  315.59  432.06  316.53  433.04  466.95  314.23  468.17  
frame00643.jpg 312.36  311.93  429.90  315.53  430.96  466.45  312.43  470.95  
frame00644.jpg 310.64  312.21  433.48  320.08  433.60  464.50  310.84  467.61  
frame00645.jpg 314.92  316.25  432.50  316.09  433.39  467.51  314.75  467.23  
frame00646.jpg 311.96  312.27  432.23  316.93  432.33  467.83  314.88  465.00  
frame00647.jpg 312.31  318.78  430.74  314.90  438.45  468.92  316.28  468.47  
frame00648.jpg 314.64  315.28  429.56  315.95  433.72  466.57  317.57  467.27  
frame00649.jpg 315.32  313.54  429.19  315.40  431.98  465.15  313.03  467.61  
frame00650.jpg 314.67  315.85  432.24  316.36  433.02  467.15  314.29  468.07  
frame00651.jpg 308.60  310.66  429.58  315.97  431.34  465.22  310.94  473.43  
frame00652.jpg 314.87  316.07  432.22  316.29  433.23  467.18  314.27  468.14  
frame00653.jpg 314.02  313.99  431.08  314.58  432.00  469.35  312.04  471.11  
